{
  "random_state": 20260518,
  "adm_col": "AIS_ord",
  "window": [
    "0day",
    "72h",
    "2w",
    "4w",
    "6w",
    "2m",
    "3m",
    "4m",
    "5m",
    "6m"
  ],
  "window_days": {
    "0day": 0,
    "72h": 3,
    "2w": 14,
    "4w": 28,
    "6w": 42,
    "2m": 60,
    "3m": 90,
    "4m": 120,
    "5m": 150,
    "6m": 180
  },
  "states": [
    1,
    2,
    3,
    4,
    5
  ],
  "state_labels": [
    "A",
    "B",
    "C",
    "D",
    "E"
  ],
  "conv_thresholds": [
    3,
    4
  ],
  "min_window_obs": 2,
  "landscape": {
    "n_eligible": 718,
    "improve_rate": 0.47214484679665736,
    "stable_rate": 0.4735376044568245,
    "decline_rate": 0.07242339832869081,
    "by_admission_grade": {
      "A": {
        "n": 131,
        "improve_rate": 0.648854961832061,
        "decline_rate": 0.0
      },
      "B": {
        "n": 61,
        "improve_rate": 0.8524590163934426,
        "decline_rate": 0.18032786885245902
      },
      "C": {
        "n": 215,
        "improve_rate": 0.7395348837209302,
        "decline_rate": 0.10697674418604651
      },
      "D": {
        "n": 293,
        "improve_rate": 0.14675767918088736,
        "decline_rate": 0.05802047781569966
      },
      "E": {
        "n": 18,
        "improve_rate": 0.0,
        "decline_rate": 0.05555555555555555
      }
    }
  },
  "transition": {
    "P_step": [
      [
        [
          0.7472527472527473,
          0.054945054945054944,
          0.15384615384615385,
          0.04395604395604396,
          0.0
        ],
        [
          0.1590909090909091,
          0.3409090909090909,
          0.45454545454545453,
          0.045454545454545456,
          0.0
        ],
        [
          0.032679738562091505,
          0.032679738562091505,
          0.6209150326797386,
          0.3137254901960784,
          0.0
        ],
        [
          0.0,
          0.0,
          0.05181347150259067,
          0.8704663212435233,
          0.07772020725388601
        ],
        [
          0.0,
          0.0,
          0.0,
          0.0,
          1.0
        ]
      ],
      [
        [
          0.75,
          0.11363636363636363,
          0.125,
          0.011363636363636364,
          0.0
        ],
        [
          0.125,
          0.4583333333333333,
          0.3333333333333333,
          0.08333333333333333,
          0.0
        ],
        [
          0.043478260869565216,
          0.050724637681159424,
          0.644927536231884,
          0.2608695652173913,
          0.0
        ],
        [
          0.0,
          0.0,
          0.0228310502283105,
          0.9360730593607306,
          0.0410958904109589
        ],
        [
          0.0,
          0.0,
          0.0,
          0.14285714285714285,
          0.8571428571428571
        ]
      ],
      [
        [
          0.7307692307692307,
          0.10256410256410256,
          0.14102564102564102,
          0.02564102564102564,
          0.0
        ],
        [
          0.03125,
          0.84375,
          0.125,
          0.0,
          0.0
        ],
        [
          0.017391304347826087,
          0.017391304347826087,
          0.6869565217391305,
          0.2782608695652174,
          0.0
        ],
        [
          0.0,
          0.0038910505836575876,
          0.027237354085603113,
          0.9494163424124513,
          0.019455252918287938
        ],
        [
          0.0,
          0.0,
          0.0,
          0.0,
          1.0
        ]
      ],
      [
        [
          0.8392857142857143,
          0.05357142857142857,
          0.10714285714285714,
          0.0,
          0.0
        ],
        [
          0.05263157894736842,
          0.7631578947368421,
          0.18421052631578946,
          0.0,
          0.0
        ],
        [
          0.02040816326530612,
          0.02040816326530612,
          0.7857142857142857,
          0.17346938775510204,
          0.0
        ],
        [
          0.0,
          0.0,
          0.008064516129032258,
          0.9798387096774194,
          0.012096774193548387
        ],
        [
          0.0,
          0.0,
          0.0,
          0.25,
          0.75
        ]
      ],
      [
        [
          0.8301886792452831,
          0.018867924528301886,
          0.1320754716981132,
          0.018867924528301886,
          0.0
        ],
        [
          0.03225806451612903,
          0.7741935483870968,
          0.1935483870967742,
          0.0,
          0.0
        ],
        [
          0.021505376344086023,
          0.03225806451612903,
          0.8279569892473119,
          0.11827956989247312,
          0.0
        ],
        [
          0.0040650406504065045,
          0.0040650406504065045,
          0.012195121951219513,
          0.9715447154471545,
          0.008130081300813009
        ],
        [
          0.0,
          0.0,
          0.0,
          0.0,
          1.0
        ]
      ],
      [
        [
          0.86,
          0.06,
          0.08,
          0.0,
          0.0
        ],
        [
          0.13333333333333333,
          0.6666666666666666,
          0.2,
          0.0,
          0.0
        ],
        [
          0.07142857142857142,
          0.08163265306122448,
          0.673469387755102,
          0.17346938775510204,
          0.0
        ],
        [
          0.0,
          0.004901960784313725,
          0.029411764705882353,
          0.9509803921568627,
          0.014705882352941176
        ],
        [
          0.0,
          0.0,
          0.0,
          0.0,
          1.0
        ]
      ],
      [
        [
          0.8888888888888888,
          0.0,
          0.1111111111111111,
          0.0,
          0.0
        ],
        [
          0.03225806451612903,
          0.6451612903225806,
          0.3225806451612903,
          0.0,
          0.0
        ],
        [
          0.0375,
          0.0125,
          0.8,
          0.15,
          0.0
        ],
        [
          0.0,
          0.005649717514124294,
          0.022598870056497175,
          0.9661016949152542,
          0.005649717514124294
        ],
        [
          0.0,
          0.0,
          0.0,
          0.0,
          1.0
        ]
      ],
      [
        [
          0.9090909090909091,
          0.045454545454545456,
          0.045454545454545456,
          0.0,
          0.0
        ],
        [
          0.05555555555555555,
          0.8333333333333334,
          0.1111111111111111,
          0.0,
          0.0
        ],
        [
          0.0273972602739726,
          0.0136986301369863,
          0.863013698630137,
          0.0958904109589041,
          0.0
        ],
        [
          0.0,
          0.0,
          0.02142857142857143,
          0.9714285714285714,
          0.007142857142857143
        ],
        [
          0.0,
          0.0,
          0.0,
          0.0,
          1.0
        ]
      ],
      [
        [
          0.8823529411764706,
          0.029411764705882353,
          0.08823529411764706,
          0.0,
          0.0
        ],
        [
          0.07142857142857142,
          0.8571428571428571,
          0.07142857142857142,
          0.0,
          0.0
        ],
        [
          0.031746031746031744,
          0.047619047619047616,
          0.8571428571428571,
          0.06349206349206349,
          0.0
        ],
        [
          0.0,
          0.0,
          0.02727272727272727,
          0.9545454545454546,
          0.01818181818181818
        ],
        [
          0.0,
          0.0,
          0.0,
          0.0,
          1.0
        ]
      ]
    ],
    "P_step_n": [
      [
        [
          68.0,
          5.0,
          14.0,
          4.0,
          0.0
        ],
        [
          7.0,
          15.0,
          20.0,
          2.0,
          0.0
        ],
        [
          5.0,
          5.0,
          95.0,
          48.0,
          0.0
        ],
        [
          0.0,
          0.0,
          10.0,
          168.0,
          15.0
        ],
        [
          0.0,
          0.0,
          0.0,
          0.0,
          14.0
        ]
      ],
      [
        [
          66.0,
          10.0,
          11.0,
          1.0,
          0.0
        ],
        [
          3.0,
          11.0,
          8.0,
          2.0,
          0.0
        ],
        [
          6.0,
          7.0,
          89.0,
          36.0,
          0.0
        ],
        [
          0.0,
          0.0,
          5.0,
          205.0,
          9.0
        ],
        [
          0.0,
          0.0,
          0.0,
          1.0,
          6.0
        ]
      ],
      [
        [
          57.0,
          8.0,
          11.0,
          2.0,
          0.0
        ],
        [
          1.0,
          27.0,
          4.0,
          0.0,
          0.0
        ],
        [
          2.0,
          2.0,
          79.0,
          32.0,
          0.0
        ],
        [
          0.0,
          1.0,
          7.0,
          244.0,
          5.0
        ],
        [
          0.0,
          0.0,
          0.0,
          0.0,
          8.0
        ]
      ],
      [
        [
          47.0,
          3.0,
          6.0,
          0.0,
          0.0
        ],
        [
          2.0,
          29.0,
          7.0,
          0.0,
          0.0
        ],
        [
          2.0,
          2.0,
          77.0,
          17.0,
          0.0
        ],
        [
          0.0,
          0.0,
          2.0,
          243.0,
          3.0
        ],
        [
          0.0,
          0.0,
          0.0,
          1.0,
          3.0
        ]
      ],
      [
        [
          44.0,
          1.0,
          7.0,
          1.0,
          0.0
        ],
        [
          1.0,
          24.0,
          6.0,
          0.0,
          0.0
        ],
        [
          2.0,
          3.0,
          77.0,
          11.0,
          0.0
        ],
        [
          1.0,
          1.0,
          3.0,
          239.0,
          2.0
        ],
        [
          0.0,
          0.0,
          0.0,
          0.0,
          4.0
        ]
      ],
      [
        [
          43.0,
          3.0,
          4.0,
          0.0,
          0.0
        ],
        [
          4.0,
          20.0,
          6.0,
          0.0,
          0.0
        ],
        [
          7.0,
          8.0,
          66.0,
          17.0,
          0.0
        ],
        [
          0.0,
          1.0,
          6.0,
          194.0,
          3.0
        ],
        [
          0.0,
          0.0,
          0.0,
          0.0,
          1.0
        ]
      ],
      [
        [
          48.0,
          0.0,
          6.0,
          0.0,
          0.0
        ],
        [
          1.0,
          20.0,
          10.0,
          0.0,
          0.0
        ],
        [
          3.0,
          1.0,
          64.0,
          12.0,
          0.0
        ],
        [
          0.0,
          1.0,
          4.0,
          171.0,
          1.0
        ],
        [
          0.0,
          0.0,
          0.0,
          0.0,
          0.0
        ]
      ],
      [
        [
          40.0,
          2.0,
          2.0,
          0.0,
          0.0
        ],
        [
          1.0,
          15.0,
          2.0,
          0.0,
          0.0
        ],
        [
          2.0,
          1.0,
          63.0,
          7.0,
          0.0
        ],
        [
          0.0,
          0.0,
          3.0,
          136.0,
          1.0
        ],
        [
          0.0,
          0.0,
          0.0,
          0.0,
          0.0
        ]
      ],
      [
        [
          30.0,
          1.0,
          3.0,
          0.0,
          0.0
        ],
        [
          1.0,
          12.0,
          1.0,
          0.0,
          0.0
        ],
        [
          2.0,
          3.0,
          54.0,
          4.0,
          0.0
        ],
        [
          0.0,
          0.0,
          3.0,
          105.0,
          2.0
        ],
        [
          0.0,
          0.0,
          0.0,
          0.0,
          0.0
        ]
      ]
    ],
    "P_pooled": [
      [
        0.8083941605839416,
        0.060218978102189784,
        0.11678832116788321,
        0.014598540145985401,
        0.0
      ],
      [
        0.08015267175572519,
        0.6603053435114504,
        0.24427480916030533,
        0.015267175572519083,
        0.0
      ],
      [
        0.03402854006586169,
        0.03512623490669594,
        0.7288693743139407,
        0.20197585071350166,
        0.0
      ],
      [
        0.0005574136008918618,
        0.002229654403567447,
        0.023968784838350056,
        0.9503901895206243,
        0.022853957636566332
      ],
      [
        0.0,
        0.0,
        0.0,
        0.05263157894736842,
        0.9473684210526315
      ]
    ],
    "P_pooled_n": [
      [
        443.0,
        33.0,
        64.0,
        8.0,
        0.0
      ],
      [
        21.0,
        173.0,
        64.0,
        4.0,
        0.0
      ],
      [
        31.0,
        32.0,
        664.0,
        184.0,
        0.0
      ],
      [
        1.0,
        4.0,
        43.0,
        1705.0,
        41.0
      ],
      [
        0.0,
        0.0,
        0.0,
        2.0,
        36.0
      ]
    ],
    "step_labels": [
      "0day->72h",
      "72h->2w",
      "2w->4w",
      "4w->6w",
      "6w->2m",
      "2m->3m",
      "3m->4m",
      "4m->5m",
      "5m->6m"
    ]
  },
  "occupancy_by_adm": {
    "A": [
      [
        1.0,
        0.0,
        0.0,
        0.0,
        0.0
      ],
      [
        0.7472527472527473,
        0.054945054945054944,
        0.15384615384615385,
        0.04395604395604396,
        0.0
      ],
      [
        0.5739966555183946,
        0.11790202551072115,
        0.21194479532776136,
        0.09435011087780594,
        0.0018064127653168748
      ],
      [
        0.4268295291549812,
        0.1624044033671935,
        0.24385270625696137,
        0.16327134318555075,
        0.003642018035313099
      ],
      [
        0.371756112274273,
        0.15178265604498167,
        0.2685635951835902,
        0.20319106639987727,
        0.004706570097277776
      ],
      [
        0.32012547169292715,
        0.13401274106123925,
        0.30331419767583606,
        0.23618905958328984,
        0.006358529986707673
      ],
      [
        0.3148415709647375,
        0.13446748785091153,
        0.26363215000042467,
        0.27722689267393485,
        0.009831898509991346
      ],
      [
        0.29408304071431024,
        0.09161487347426152,
        0.29552974028206924,
        0.3073741933884414,
        0.011398152140917533
      ],
      [
        0.28053463923741306,
        0.09376149144338117,
        0.28517964540194474,
        0.3269305418235689,
        0.013593682093692114
      ],
      [
        0.2632811354980767,
        0.10219799458123399,
        0.284806289355203,
        0.33017670680227473,
        0.019537873763211547
      ]
    ],
    "B": [
      [
        0.0,
        1.0,
        0.0,
        0.0,
        0.0
      ],
      [
        0.1590909090909091,
        0.3409090909090909,
        0.45454545454545453,
        0.045454545454545456,
        0.0
      ],
      [
        0.18169466403162055,
        0.1973851658881303,
        0.4277093823885068,
        0.1913427926730623,
        0.00186799501867995
      ],
      [
        0.14638358034480448,
        0.19336203240184766,
        0.3493261732385788,
        0.3053375965705431,
        0.0055906174442259095
      ],
      [
        0.14016370243946843,
        0.1625368446646003,
        0.32823624145497626,
        0.3611766483992709,
        0.007886563041684067
      ],
      [
        0.13013248468776806,
        0.14053603828487146,
        0.3261410147533568,
        0.3923675037168784,
        0.010822958557125294
      ],
      [
        0.1539478620375603,
        0.13004576769383605,
        0.26970401665732185,
        0.4297092847053788,
        0.016593068905902918
      ],
      [
        0.1511514694223538,
        0.08969953156634417,
        0.284529723260331,
        0.45559847077328625,
        0.01902080497768472
      ],
      [
        0.15018906894068038,
        0.0855177984179222,
        0.27215300917068325,
        0.4698650437017916,
        0.022275079768922477
      ],
      [
        0.14726795895398437,
        0.09067796273294945,
        0.26544889989639786,
        0.46578709785316774,
        0.030818080563500508
      ]
    ],
    "C": [
      [
        0.0,
        0.0,
        1.0,
        0.0,
        0.0
      ],
      [
        0.032679738562091505,
        0.032679738562091505,
        0.6209150326797386,
        0.3137254901960784,
        0.0
      ],
      [
        0.055591077010514356,
        0.0501875102258734,
        0.42258609816767684,
        0.458742486231713,
        0.0128928283642224
      ],
      [
        0.04954193172555956,
        0.057181674342430815,
        0.31690641371312883,
        0.5545522007606561,
        0.0218177794582246
      ],
      [
        0.05105687519375688,
        0.05276015609630379,
        0.2693116220960016,
        0.6037997192691322,
        0.023071627344805418
      ],
      [
        0.05233489849327573,
        0.052951851813510524,
        0.24729685500057527,
        0.6194358265407669,
        0.027980568151871534
      ],
      [
        0.06973232068415486,
        0.06166527694943259,
        0.19954272455377464,
        0.631969759270461,
        0.03708991854217693
      ],
      [
        0.0714563397055884,
        0.04584878431906464,
        0.20155604256637905,
        0.6404784642494438,
        0.040660369159524166
      ],
      [
        0.07302954686563765,
        0.044216377386041804,
        0.1960124891060431,
        0.641506371309543,
        0.04523521533273448
      ],
      [
        0.07381876684189098,
        0.04938160794683675,
        0.1951084294738786,
        0.6247922281990312,
        0.05689896753836254
      ]
    ],
    "D": [
      [
        0.0,
        0.0,
        0.0,
        1.0,
        0.0
      ],
      [
        0.0,
        0.0,
        0.05181347150259067,
        0.8704663212435233,
        0.07772020725388601
      ],
      [
        0.0022527596305474203,
        0.002628219568971991,
        0.05328959482215028,
        0.839439516930745,
        0.10238990904758524
      ],
      [
        0.0026551548459778423,
        0.006641689715542824,
        0.0601179703770984,
        0.8118637679023025,
        0.11872141715907833
      ],
      [
        0.0038048935026878676,
        0.006437795733621043,
        0.055290786638740555,
        0.8356045285794043,
        0.09886199554554627
      ],
      [
        0.007952265893147929,
        0.010236230505129389,
        0.05771725045237369,
        0.8184387248511247,
        0.10565552829822436
      ],
      [
        0.012326440148722593,
        0.0160248564390855,
        0.06562595589904938,
        0.7883313556141663,
        0.11769139189897619
      ],
      [
        0.013934739886841492,
        0.015612790972959336,
        0.07685507557593275,
        0.7714521521985435,
        0.1221452413657229
      ],
      [
        0.015640941136879267,
        0.014696865666181318,
        0.08522625239853082,
        0.7567803269169817,
        0.12765561388142677
      ],
      [
        0.017556201848145495,
        0.017115734080010474,
        0.09612039610632951,
        0.7277924117765062,
        0.14141525618900824
      ]
    ],
    "E": [
      [
        0.0,
        0.0,
        0.0,
        0.0,
        1.0
      ],
      [
        0.0,
        0.0,
        0.0,
        0.0,
        1.0
      ],
      [
        0.0,
        0.0,
        0.0,
        0.14285714285714285,
        0.8571428571428571
      ],
      [
        0.0,
        0.0005558643690939411,
        0.0038910505836575876,
        0.1356309060589216,
        0.8599221789883268
      ],
      [
        0.00010866521501084561,
        0.0005036214772618037,
        0.004253447727515097,
        0.34855193489470593,
        0.6465823306855062
      ],
      [
        0.0016148082636999088,
        0.0019460365609359292,
        0.007884132260929735,
        0.33913893666067846,
        0.6494160862537558
      ],
      [
        0.0022113589525921693,
        0.0037002946046024005,
        0.015802788307698788,
        0.32388213457751713,
        0.6544034235575893
      ],
      [
        0.0026776213059268032,
        0.004414664263759764,
        0.021400950890224774,
        0.3152734974142646,
        0.6562332661258239
      ],
      [
        0.0032657877346206096,
        0.004093760656651776,
        0.025837402751741075,
        0.30831782917820344,
        0.6584852196787829
      ],
      [
        0.0039942238963674445,
        0.00483534279811921,
        0.0311355825010397,
        0.2959438524133596,
        0.6640909983911139
      ]
    ]
  },
  "occupancy_overall": [
    [
      0.17038216560509553,
      0.09076433121019108,
      0.30254777070063693,
      0.39490445859872614,
      0.041401273885350316
    ],
    [
      0.15164550334557828,
      0.05019122513970771,
      0.275786984892392,
      0.4502829563691951,
      0.07209333025312696
    ],
    [
      0.13199876912522943,
      0.05422594997020953,
      0.2238291497833873,
      0.5096470690181939,
      0.08029906210297985
    ],
    [
      0.10204788077849627,
      0.06516722397342029,
      0.19303578665331822,
      0.5495347338649723,
      0.09021437472979296
    ],
    [
      0.0930166882539293,
      0.05913923805945828,
      0.17904089709098914,
      0.5944947979612024,
      0.074308378634421
    ],
    [
      0.08539610631914851,
      0.05573240674556321,
      0.17921962578557,
      0.6005101914749625,
      0.07914166967475597
    ],
    [
      0.09367304084236924,
      0.059852555152231285,
      0.1563391659612968,
      0.602162536141774,
      0.08797270190232895
    ],
    [
      0.09105837150232157,
      0.043970839512422845,
      0.16839491718090677,
      0.6052011216752303,
      0.09137475012911864
    ],
    [
      0.08983672152155943,
      0.04308816283423122,
      0.16732038149246198,
      0.6040571188678058,
      0.09569761528394172
    ],
    [
      0.08765717951954813,
      0.04754260473003635,
      0.1708962503734635,
      0.5872234933863231,
      0.10668047199062909
    ]
  ],
  "conversion_by_adm": {
    "A": {
      "improve": [
        0.0,
        0.25274725274725274,
        0.43956043956043955,
        0.5904480135249366,
        0.6562688684941431,
        0.714638305919666,
        0.7545889430909128,
        0.7818568383030337,
        0.8016880348209395,
        0.8250188542537702
      ],
      "ge_C": [
        0.0,
        0.19780219780219782,
        0.3225940725940726,
        0.430907634032634,
        0.5035252604583459,
        0.5843312091257352,
        0.6311890793810752,
        0.6919865217156975,
        0.7099569319768737,
        0.7345130315252678
      ],
      "ge_D": [
        0.0,
        0.04395604395604396,
        0.09716008629052109,
        0.1705746400853279,
        0.21231023941744184,
        0.2506209441890711,
        0.3022250274053696,
        0.34008958104003534,
        0.3668746914377058,
        0.383646852525492
      ]
    },
    "B": {
      "improve": [
        0.0,
        0.5,
        0.6637396694214875,
        0.7125193698347106,
        0.755936694930742,
        0.7983814957017777,
        0.8269879297838756,
        0.8621087244662913,
        0.8715608549755414,
        0.8821461588920836
      ],
      "ge_C": [
        0.0,
        0.5,
        0.6637396694214875,
        0.7125193698347106,
        0.755936694930742,
        0.7983814957017777,
        0.8269879297838756,
        0.8621087244662913,
        0.8715608549755414,
        0.8821461588920836
      ],
      "ge_D": [
        0.0,
        0.045454545454545456,
        0.19424856270212,
        0.3176334127292195,
        0.37720307726016583,
        0.41780930256656845,
        0.47255035971859777,
        0.5101176081454651,
        0.5348293311017148,
        0.549971356481722
      ]
    },
    "C": {
      "improve": [
        0.0,
        0.3137254901960784,
        0.4787979970205034,
        0.5958194901539725,
        0.6477720159009723,
        0.6783882067817324,
        0.7172753321641074,
        0.7419632859359234,
        0.7569338329712448,
        0.7659351774066939
      ],
      "ge_D": [
        0.0,
        0.3137254901960784,
        0.4787979970205034,
        0.5958194901539725,
        0.6477720159009723,
        0.6783882067817324,
        0.7172753321641074,
        0.7419632859359234,
        0.7569338329712448,
        0.7659351774066939
      ]
    },
    "D": {
      "improve": [
        0.0,
        0.07772020725388601,
        0.1134927957981404,
        0.12960829443977834,
        0.13930171184832718,
        0.1457695409390928,
        0.1572324508976364,
        0.16147621709472443,
        0.16672814485876353,
        0.17984458851556528
      ]
    },
    "E": {}
  },
  "sojourn_by_adm": {
    "A": [
      64.14544450990249,
      20.905166134604695,
      48.31906958413627,
      44.991061429272065,
      1.6392583420844757
    ],
    "B": [
      26.667660056724415,
      25.552263468398966,
      55.271252075470855,
      69.82232998538734,
      2.6864944140184255
    ],
    "C": [
      11.224008963952423,
      9.064289708455924,
      46.64949585028185,
      107.01186693307157,
      6.050338544238233
    ],
    "D": [
      1.8374710035995718,
      2.121282068037733,
      12.41335687595154,
      142.87835403320702,
      20.749536019204136
    ],
    "E": [
      0.34505044000867047,
      0.5013366499881726,
      2.670017042079296,
      50.26407403001071,
      126.2195218379131
    ]
  },
  "median_day_to_improve": {
    "A": 19.607843137254903,
    "B": 3.0,
    "C": 16.53652584465321,
    "D": null
  },
  "adm_distribution": [
    0.17038216560509553,
    0.09076433121019108,
    0.30254777070063693,
    0.39490445859872614,
    0.041401273885350316
  ],
  "improve_head": {
    "n": 690,
    "n_pos": 335,
    "base_rate": 0.4855072463768116,
    "auc": 0.8909228505360522,
    "brier": 0.12929425977551215,
    "brier_raw": 0.12994076233912946,
    "brier_baseline": 0.24978996009241758,
    "logloss": 0.4123883038831774,
    "calibration_raw": {
      "pred_mean": [
        0.022724691187502276,
        0.12498787605570177,
        0.4986974117271818,
        0.8185613219470206,
        0.9501910658369171
      ],
      "obs_freq": [
        0.050724637681159424,
        0.15942028985507245,
        0.4927536231884058,
        0.8405797101449275,
        0.8840579710144928
      ],
      "count": [
        138,
        138,
        138,
        138,
        138
      ]
    },
    "calibration": {
      "pred_mean": [
        0.043933402139833946,
        0.1694366027206979,
        0.5076062341083775,
        0.7835182027485159,
        0.9229457075428636
      ],
      "obs_freq": [
        0.050724637681159424,
        0.15942028985507245,
        0.4927536231884058,
        0.8405797101449275,
        0.8840579710144928
      ],
      "count": [
        138,
        138,
        138,
        138,
        138
      ]
    },
    "rate_by_admission_grade": {
      "A": {
        "rate": 0.6434108527131783,
        "n": 129
      },
      "B": {
        "rate": 0.8524590163934426,
        "n": 61
      },
      "C": {
        "rate": 0.7440758293838863,
        "n": 211
      },
      "D": {
        "rate": 0.14878892733564014,
        "n": 289
      }
    },
    "adm_grades": [
      1,
      2,
      3,
      4
    ],
    "shap_top": [
      {
        "feature": "AIS_ord",
        "mean_abs": 2.0307078089047845
      },
      {
        "feature": "TotalMotor",
        "mean_abs": 0.2825556929646198
      },
      {
        "feature": "年齢",
        "mean_abs": 0.27801308404547875
      },
      {
        "feature": "LEMS",
        "mean_abs": 0.27500915433391276
      },
      {
        "feature": "UEMS",
        "mean_abs": 0.21905321417096243
      },
      {
        "feature": "LightTouchTotal",
        "mean_abs": 0.20680188206873004
      },
      {
        "feature": "Frankel_ord",
        "mean_abs": 0.2034348989252563
      },
      {
        "feature": "RightSensoryLevel_ord",
        "mean_abs": 0.18622999260582607
      },
      {
        "feature": "mFrankel_ord",
        "mean_abs": 0.16151600082422563
      },
      {
        "feature": "PinPrickTotal",
        "mean_abs": 0.15469364242658956
      },
      {
        "feature": "LeftSensoryLevel_ord",
        "mean_abs": 0.13886718070596532
      },
      {
        "feature": "NLI_ord",
        "mean_abs": 0.1354697480225652
      }
    ]
  }
}